TITLE = "Visualization of Laplacian smoothing"
VARIABLES = "x", "y", "phi", "phi_exact", "error"
ZONE STRANDID=29, SOLUTIONTIME=29, DATAPACKING=BLOCK I=17, J=17
0 0 0 0 0 0 0 0 0 0 0 0 0 0 0 0 0 
0.0625 0.0625 0.0625 0.0625 0.0625 0.0625 0.0625 0.0625 0.0625 0.0625 0.0625 0.0625 0.0625 0.0625 0.0625 0.0625 0.0625 
0.125 0.125 0.125 0.125 0.125 0.125 0.125 0.125 0.125 0.125 0.125 0.125 0.125 0.125 0.125 0.125 0.125 
0.1875 0.1875 0.1875 0.1875 0.1875 0.1875 0.1875 0.1875 0.1875 0.1875 0.1875 0.1875 0.1875 0.1875 0.1875 0.1875 0.1875 
0.25 0.25 0.25 0.25 0.25 0.25 0.25 0.25 0.25 0.25 0.25 0.25 0.25 0.25 0.25 0.25 0.25 
0.3125 0.3125 0.3125 0.3125 0.3125 0.3125 0.3125 0.3125 0.3125 0.3125 0.3125 0.3125 0.3125 0.3125 0.3125 0.3125 0.3125 
0.375 0.375 0.375 0.375 0.375 0.375 0.375 0.375 0.375 0.375 0.375 0.375 0.375 0.375 0.375 0.375 0.375 
0.4375 0.4375 0.4375 0.4375 0.4375 0.4375 0.4375 0.4375 0.4375 0.4375 0.4375 0.4375 0.4375 0.4375 0.4375 0.4375 0.4375 
0.5 0.5 0.5 0.5 0.5 0.5 0.5 0.5 0.5 0.5 0.5 0.5 0.5 0.5 0.5 0.5 0.5 
0.5625 0.5625 0.5625 0.5625 0.5625 0.5625 0.5625 0.5625 0.5625 0.5625 0.5625 0.5625 0.5625 0.5625 0.5625 0.5625 0.5625 
0.625 0.625 0.625 0.625 0.625 0.625 0.625 0.625 0.625 0.625 0.625 0.625 0.625 0.625 0.625 0.625 0.625 
0.6875 0.6875 0.6875 0.6875 0.6875 0.6875 0.6875 0.6875 0.6875 0.6875 0.6875 0.6875 0.6875 0.6875 0.6875 0.6875 0.6875 
0.75 0.75 0.75 0.75 0.75 0.75 0.75 0.75 0.75 0.75 0.75 0.75 0.75 0.75 0.75 0.75 0.75 
0.8125 0.8125 0.8125 0.8125 0.8125 0.8125 0.8125 0.8125 0.8125 0.8125 0.8125 0.8125 0.8125 0.8125 0.8125 0.8125 0.8125 
0.875 0.875 0.875 0.875 0.875 0.875 0.875 0.875 0.875 0.875 0.875 0.875 0.875 0.875 0.875 0.875 0.875 
0.9375 0.9375 0.9375 0.9375 0.9375 0.9375 0.9375 0.9375 0.9375 0.9375 0.9375 0.9375 0.9375 0.9375 0.9375 0.9375 0.9375 
1 1 1 1 1 1 1 1 1 1 1 1 1 1 1 1 1 
0 0.0625 0.125 0.1875 0.25 0.3125 0.375 0.4375 0.5 0.5625 0.625 0.6875 0.75 0.8125 0.875 0.9375 1 
0 0.0625 0.125 0.1875 0.25 0.3125 0.375 0.4375 0.5 0.5625 0.625 0.6875 0.75 0.8125 0.875 0.9375 1 
0 0.0625 0.125 0.1875 0.25 0.3125 0.375 0.4375 0.5 0.5625 0.625 0.6875 0.75 0.8125 0.875 0.9375 1 
0 0.0625 0.125 0.1875 0.25 0.3125 0.375 0.4375 0.5 0.5625 0.625 0.6875 0.75 0.8125 0.875 0.9375 1 
0 0.0625 0.125 0.1875 0.25 0.3125 0.375 0.4375 0.5 0.5625 0.625 0.6875 0.75 0.8125 0.875 0.9375 1 
0 0.0625 0.125 0.1875 0.25 0.3125 0.375 0.4375 0.5 0.5625 0.625 0.6875 0.75 0.8125 0.875 0.9375 1 
0 0.0625 0.125 0.1875 0.25 0.3125 0.375 0.4375 0.5 0.5625 0.625 0.6875 0.75 0.8125 0.875 0.9375 1 
0 0.0625 0.125 0.1875 0.25 0.3125 0.375 0.4375 0.5 0.5625 0.625 0.6875 0.75 0.8125 0.875 0.9375 1 
0 0.0625 0.125 0.1875 0.25 0.3125 0.375 0.4375 0.5 0.5625 0.625 0.6875 0.75 0.8125 0.875 0.9375 1 
0 0.0625 0.125 0.1875 0.25 0.3125 0.375 0.4375 0.5 0.5625 0.625 0.6875 0.75 0.8125 0.875 0.9375 1 
0 0.0625 0.125 0.1875 0.25 0.3125 0.375 0.4375 0.5 0.5625 0.625 0.6875 0.75 0.8125 0.875 0.9375 1 
0 0.0625 0.125 0.1875 0.25 0.3125 0.375 0.4375 0.5 0.5625 0.625 0.6875 0.75 0.8125 0.875 0.9375 1 
0 0.0625 0.125 0.1875 0.25 0.3125 0.375 0.4375 0.5 0.5625 0.625 0.6875 0.75 0.8125 0.875 0.9375 1 
0 0.0625 0.125 0.1875 0.25 0.3125 0.375 0.4375 0.5 0.5625 0.625 0.6875 0.75 0.8125 0.875 0.9375 1 
0 0.0625 0.125 0.1875 0.25 0.3125 0.375 0.4375 0.5 0.5625 0.625 0.6875 0.75 0.8125 0.875 0.9375 1 
0 0.0625 0.125 0.1875 0.25 0.3125 0.375 0.4375 0.5 0.5625 0.625 0.6875 0.75 0.8125 0.875 0.9375 1 
0 0.0625 0.125 0.1875 0.25 0.3125 0.375 0.4375 0.5 0.5625 0.625 0.6875 0.75 0.8125 0.875 0.9375 1 
0 0 0 0 0 0 0 0 0 0 0 0 0 0 0 0 0 
0 0.00388845807127642 0.00762748458443523 0.0110733912774404 0.0140937542598 0.0165725009164871 0.0184143767115892 0.0195485999365805 0.0199315766367793 0.0195485981383819 0.0184143773209974 0.0165725014497748 0.0140937539133761 0.0110733914090127 0.00762748465750187 0.00388845795191356 -2.91260733331499e-21 
0 0.00731901753598357 0.0143567694320905 0.0208427991131927 0.0265278510441835 0.0311934521450206 0.0346603094215281 0.0367951861849287 0.0375160459057837 0.0367951867331443 0.034660308155796 0.031193452957207 0.0265278511080812 0.0208427989042926 0.0143567695898235 0.00731901767399645 -4.55331117820521e-20 
0 0.00984170002971311 0.0193051893346076 0.0280267903632338 0.035671337999426 0.041945057505861 0.0466068493391328 0.0494775672902711 0.0504468899802229 0.0494775677467292 0.0466068496778788 0.0419450563330641 0.0356713383060342 0.0280267906652885 0.0193051891440272 0.00984170007851767 -2.218178513229e-19 
0 0.0110646537578736 0.0217040985908719 0.0315094673429751 0.0401039466065442 0.0471572504453943 0.0523983295919608 0.0556257701701923 0.0567155431834677 0.0556257700091613 0.0523983297445874 0.047157250845411 0.0401039452611369 0.0315094676016739 0.0217040987729984 0.011064653602399 -6.64566646282019e-19 
0 0.0107017011952873 0.0209921420431975 0.0304758679607983 0.0387884210693736 0.0456103579731518 0.0506795148904942 0.0538010860310283 0.0548551111734667 0.0538010859252067 0.0506795148555446 0.0456103583007463 0.0387884213360523 0.0304758670807314 0.020992142351405 0.0107017013669167 -1.51538651356989e-18 
0 0.00861053393840721 0.0168901709550301 0.0245207265832798 0.0312089654512838 0.0366978611128157 0.040776478684603 0.0432880786776237 0.0441361421797627 0.0432880787338499 0.0407764786575487 0.03669786118038 0.0312089655520767 0.024520726906436 0.0168901704594628 0.00861053422189139 -2.89157212812643e-18 
0 0.00481869413501656 0.00945220778617167 0.0137224786624744 0.0174654028958238 0.0205371408816342 0.0228196483929519 0.0242252093005262 0.0246998092392 0.0242252094090165 0.0228196483087112 0.020537140886451 0.0174654026524191 0.0137224788205809 0.0094522078086805 0.00481869375528115 -4.85471099556716e-18 
0 -0.000461769979749445 -0.000905794981000177 -0.00131500979909622 -0.00167369025449514 -0.00196805159132719 -0.0021867819220239 -0.0023214752461799 -0.00236695574437116 -0.00232147529871909 -0.00218678189222181 -0.00196805173885209 -0.00167369041534536 -0.00131501012272278 -0.000905794730612937 -0.000461770146188621 -7.38380268694326e-18 
0 -0.00682746974809388 -0.0133925627662637 -0.0194429875613424 -0.0247462292206833 -0.0290984872470343 -0.032332506647479 -0.034324006006775 -0.0349964530466916 -0.034324006030824 -0.0323325066449581 -0.0290984872292823 -0.0247462292574688 -0.0194429875697595 -0.0133925627676765 -0.00682746928884064 -1.03534598762307e-17 
0 -0.013679665459901 -0.0268336289710108 -0.0389563913875152 -0.0495820812244135 -0.0583023597466406 -0.0647821110713794 -0.0687723223505695 -0.0701196517910588 -0.0687723223129554 -0.0647821110900473 -0.0583023596591213 -0.0495820812538179 -0.0389563912675779 -0.0268336290109962 -0.0136796654397464 -1.35158069670843e-17 
0 -0.0202168724009074 -0.0396568220850576 -0.057572782077376 -0.0732762523703481 -0.0861637574347327 -0.0957400376214938 -0.101637081802523 -0.103628269972064 -0.101637081818409 -0.0957400376066935 -0.0861637574508367 -0.0732762524091777 -0.0575727820895614 -0.0396568220382506 -0.0202168725548874 -1.64829137110262e-17 
0 -0.0254156665161963 -0.0498546231182379 -0.0723776944787644 -0.0921193316990699 -0.108320874665797 -0.120359707173847 -0.127773183624949 -0.130276408275149 -0.127773183634659 -0.120359707178155 -0.108320874683122 -0.0921193317218097 -0.072377694502286 -0.0498546230748854 -0.0254156664404334 -1.87043471819981e-17 
0 -0.027985906446216 -0.0548963300853442 -0.0796971185996303 -0.101435191504223 -0.119275166951061 -0.132531464582196 -0.140694652366435 -0.14345102355747 -0.140694652361532 -0.132531464590031 -0.119275166941223 -0.101435191522395 -0.0796971185820609 -0.0548963300689978 -0.0279859063774447 -1.94302482782139e-17 
0 -0.0262731099296715 -0.0515365589531814 -0.0748194869447286 -0.0952271439703597 -0.111975275307165 -0.124420259587864 -0.132083843057718 -0.134671518522965 -0.132083843061007 -0.124420259583592 -0.111975275296082 -0.0952271439796318 -0.0748194869272341 -0.0515365589500845 -0.0262731099146228 -1.764077314353e-17 
0 -0.0180454897890793 -0.0353975015592035 -0.0513892071730219 -0.0654060543719323 -0.0769093836008477 -0.0854571283322452 -0.0907208035454027 -0.0924981291621695 -0.0907208035529654 -0.085457128333181 -0.0769093835946443 -0.0654060543789049 -0.0513892071746433 -0.0353975015561157 -0.0180454898044237 -1.18978116312081e-17 
0 -1.44525767079777e-17 -2.83497489981662e-17 -4.11574563330776e-17 -5.23835057024762e-17 -6.15964863247371e-17 -6.84423485212459e-17 -7.26580096469944e-17 -7.40814642090902e-17 -7.26580096469944e-17 -6.84423485212459e-17 -6.15964863247371e-17 -5.23835057024762e-17 -4.11574563330776e-17 -2.83497489981662e-17 -1.44525767079777e-17 -9.07236280198115e-33 
0 0 0 0 0 0 0 0 0 0 0 0 0 0 0 0 0 
-0 -4.639880681994e-06 -9.10145335145403e-06 -1.32132622727715e-05 -1.68172929350293e-05 -1.97750444610404e-05 -2.19728521183864e-05 -2.33262553913402e-05 -2.37832437511196e-05 -2.33262553913402e-05 -2.19728521183864e-05 -1.97750444610404e-05 -1.68172929350293e-05 -1.32132622727715e-05 -9.10145335145403e-06 -4.63988068199401e-06 -2.91260733331499e-21 
-0 -7.25357666074957e-05 -0.000142284024382792 -0.000206564386894858 -0.000262906595861197 -0.000309145451788307 -0.00034350402137396 -0.000364661924057487 -0.000371806073504246 -0.000364661924057487 -0.00034350402137396 -0.000309145451788308 -0.000262906595861197 -0.000206564386894858 -0.000142284024382792 -7.25357666074958e-05 -4.55331117820521e-20 
-0 -0.00035336323970013 -0.000693146928266972 -0.00100629336910179 -0.00128076852009785 -0.00150602445512981 -0.00167340471493937 -0.00177647697001 -0.0018112802113829 -0.00177647697001 -0.00167340471493937 -0.00150602445512981 -0.00128076852009785 -0.00100629336910179 -0.000693146928266972 -0.000353363239700131 -2.218178513229e-19 
-0 -0.00105867684555747 -0.00207666933365299 -0.00301485658386579 -0.00383718458631169 -0.00451205173702354 -0.00501352326986933 -0.0053223279150703 -0.00542659848329099 -0.0053223279150703 -0.00501352326986933 -0.00451205173702354 -0.00383718458631169 -0.00301485658386579 -0.00207666933365299 -0.00105867684555747 -6.64566646282019e-19 
-0 -0.00241406128785117 -0.00473535155423139 -0.00687466491599824 -0.00874978876039978 -0.0102886631296772 -0.0114321499448299 -0.0121363056488264 -0.012374069932857 -0.0121363056488264 -0.0114321499448299 -0.0102886631296772 -0.00874978876039978 -0.00687466491599824 -0.00473535155423139 -0.00241406128785117 -1.51538651356989e-18 
-0 -0.00460637089813821 -0.00903572154594352 -0.0131178344820293 -0.0166958363955369 -0.019632226679497 -0.0218141615020436 -0.0231577903315894 -0.0236114782657307 -0.0231577903315894 -0.0218141615020436 -0.019632226679497 -0.0166958363955369 -0.0131178344820293 -0.00903572154594353 -0.00460637089813822 -2.89157212812643e-18 
-0 -0.00773371662817269 -0.015170230863443 -0.0220237616341946 -0.028030931596412 -0.0329608885773068 -0.0366241770948549 -0.0388800190257229 -0.0396417236295983 -0.0388800190257229 -0.0366241770948549 -0.0329608885773068 -0.028030931596412 -0.0220237616341946 -0.015170230863443 -0.00773371662817271 -4.85471099556716e-18 
-0 -0.0117626440938093 -0.0230732563716604 -0.0334971763467798 -0.0426338186203254 -0.0501320671536128 -0.055703768460574 -0.0591348051846286 -0.0602933245086187 -0.0591348051846286 -0.055703768460574 -0.0501320671536128 -0.0426338186203254 -0.0334971763467798 -0.0230732563716604 -0.0117626440938094 -7.38380268694326e-18 
-0 -0.0164934071002449 -0.0323529818152367 -0.0469692495828301 -0.0597805154296141 -0.0702944495937372 -0.0781070074815545 -0.0829179568747701 -0.0845424156862143 -0.0829179568747701 -0.0781070074815545 -0.0702944495937372 -0.0597805154296141 -0.0469692495828301 -0.0323529818152367 -0.0164934071002449 -1.03534598762307e-17 
-0 -0.0215311315503551 -0.0422348337900278 -0.0613154750527174 -0.0780397969952455 -0.0917650933044688 -0.101963908540459 -0.108244307953257 -0.110364939315519 -0.108244307953257 -0.101963908540459 -0.0917650933044689 -0.0780397969952456 -0.0613154750527174 -0.0422348337900278 -0.0215311315503552 -1.35158069670843e-17 
-0 -0.0262578316122413 -0.0515065894811859 -0.0747759780015966 -0.0951717676222575 -0.111910159586137 -0.124347906877062 -0.132007033841811 -0.134593204526417 -0.132007033841811 -0.124347906877062 -0.111910159586137 -0.0951717676222575 -0.0747759780015966 -0.0515065894811859 -0.0262578316122414 -1.64829137110262e-17 
-0 -0.0297966492655521 -0.0584482300099826 -0.0848536780532743 -0.10799824683547 -0.126992503557893 -0.141106509586802 -0.149797871585733 -0.152732585387238 -0.149797871585733 -0.141106509586802 -0.126992503557893 -0.10799824683547 -0.0848536780532743 -0.0584482300099826 -0.0297966492655522 -1.87043471819981e-17 
-0 -0.0309530339367177 -0.0607165601379087 -0.0881467829832391 -0.112189574391809 -0.13192098337314 -0.146582742945581 -0.155611409911172 -0.158660017661762 -0.155611409911172 -0.146582742945581 -0.13192098337314 -0.112189574391809 -0.0881467829832391 -0.0607165601379087 -0.0309530339367177 -1.94302482782139e-17 
-0 -0.0281023403285002 -0.0551247234781502 -0.0800286944188359 -0.101857207513615 -0.119771405245825 -0.133082855043017 -0.14128000535463 -0.144047844291205 -0.14128000535463 -0.133082855043017 -0.119771405245825 -0.101857207513615 -0.0800286944188359 -0.0551247234781502 -0.0281023403285003 -1.764077314353e-17 
-0 -0.0189536109842911 -0.0371788453277635 -0.0539753174954265 -0.0686975484814471 -0.0807797712053547 -0.0897576726236582 -0.0952862370197172 -0.0971530047642458 -0.0952862370197172 -0.0897576726236582 -0.0807797712053548 -0.0686975484814471 -0.0539753174954265 -0.0371788453277635 -0.0189536109842912 -1.18978116312081e-17 
-0 -1.44525767079777e-17 -2.83497489981662e-17 -4.11574563330776e-17 -5.23835057024762e-17 -6.15964863247371e-17 -6.84423485212459e-17 -7.26580096469944e-17 -7.40814642090902e-17 -7.26580096469944e-17 -6.84423485212459e-17 -6.15964863247371e-17 -5.23835057024762e-17 -4.11574563330776e-17 -2.83497489981662e-17 -1.44525767079777e-17 -9.07236280198115e-33 
0 0 0 0 0 0 0 0 0 0 0 0 0 0 0 0 0 
0 0.00389309795195841 0.00763658603778669 0.0110866045397132 0.014110571552735 0.0165922759609481 0.0184363495637076 0.0195719261919719 0.0199553598805304 0.0195719243937732 0.0184363501731157 0.0165922764942359 0.0141105712063111 0.0110866046712855 0.00763658611085332 0.00389309783259556 0 
0 0.00739155330259107 0.0144990534564733 0.0210493635000876 0.0267907576400447 0.0315025975968089 0.0350038134429021 0.0371598481089862 0.0378878519792879 0.0371598486572018 0.0350038121771699 0.0315025984089954 0.0267907577039424 0.0210493632911874 0.0144990536142063 0.00739155344060394 0 
0 0.0101950632694132 0.0199983362628746 0.0290330837323356 0.0369521065195238 0.0434510819609908 0.0482802540540722 0.0512540442602811 0.0522581701916058 0.0512540447167392 0.0482802543928182 0.0434510807881939 0.036952106826132 0.0290330840343903 0.0199983360722941 0.0101950633182178 0 
0 0.0121233306034311 0.0237807679245249 0.0345243239268409 0.0439411311928559 0.0516693021824179 0.0574118528618301 0.0609480980852626 0.0621421416667587 0.0609480979242316 0.0574118530144568 0.0516693025824345 0.0439411298474486 0.0345243241855397 0.0237807681066514 0.0121233304479565 0 
0 0.0131157624831385 0.0257274935974289 0.0373505328767965 0.0475382098297734 0.055899021102829 0.0621116648353241 0.0659373916798546 0.0672291811063238 0.065937391574033 0.0621116648003746 0.0558990214304235 0.0475382100964521 0.0373505319967296 0.0257274939056364 0.0131157626547679 0 
0 0.0132169048365454 0.0259258925009736 0.037638561065309 0.0479048018468208 0.0563300877923127 0.0625906401866466 0.0664458690092132 0.0677476204454933 0.0664458690654394 0.0625906401595923 0.056330087859877 0.0479048019476137 0.0376385613884653 0.0259258920054063 0.0132169051200296 0 
0 0.0125524107631893 0.0246224386496146 0.035746240296669 0.0454963344922357 0.0534980294589409 0.0594438254878068 0.0631052283262492 0.0643415328687983 0.0631052284347394 0.0594438254035661 0.0534980294637577 0.045496334248831 0.0357462404547755 0.0246224386721235 0.0125524103834539 0 
0 0.0113008741140599 0.0221674613906602 0.0321821665476836 0.0409601283658302 0.0481640155622856 0.0535169865385501 0.0568133299384487 0.0579263687642476 0.0568133298859095 0.0535169865683522 0.0481640154147607 0.04096012820498 0.032182166224057 0.0221674616410475 0.0113008739476207 0 
0 0.00966593735215104 0.018960419048973 0.0275262620214877 0.0350342862089307 0.0411959623467029 0.0457745008340755 0.0485939508679951 0.0495459626395227 0.0485939508439461 0.0457745008365965 0.0411959623644549 0.0350342861721453 0.0275262620130706 0.0189604190475602 0.00966593781140431 0 
0 0.00785146609045408 0.015401204819017 0.0223590836652021 0.028457715770832 0.0334627335578282 0.0371817974690792 0.0394719856026877 0.0402452875244606 0.0394719856403018 0.0371817974504113 0.0334627336453476 0.0284577157414277 0.0223590837851394 0.0154012047790316 0.0078514661106088 0 
0 0.00604095921133393 0.0118497673961283 0.0172031959242206 0.0218955152519094 0.0257464021514046 0.0286078692555685 0.0303699520392882 0.0309649345543537 0.0303699520234021 0.0286078692703688 0.0257464021353006 0.0218955152130798 0.0172031959120352 0.0118497674429353 0.00604095905735398 0 
0 0.00438098274935582 0.00859360689174465 0.01247598357451 0.0158789151363997 0.0186716288920951 0.020746802412955 0.0220246879607835 0.0224561771120897 0.0220246879510737 0.0207468024086469 0.018671628874771 0.01587891511366 0.0124759835509883 0.0085936069350972 0.00438098282511877 0 
0 0.00296712749050163 0.0058202300525645 0.00844966438360882 0.0107543828875864 0.0126458164220792 0.014051278363385 0.0149167575447377 0.0152089941042912 0.0149167575496407 0.01405127835555 0.0126458164319174 0.0107543828694136 0.00844966440117821 0.00582023006891087 0.00296712755927301 0 
0 0.0018292303988287 0.00358816452496878 0.00520920747410734 0.00663006354325504 0.00779612993866008 0.00866259545515229 0.00919616229691217 0.00937632576824005 0.00919616229362333 0.0086625954594252 0.00779612994974292 0.00663006353398291 0.00520920749160185 0.00358816452806568 0.00182923041387752 0 
0 0.00090812119521182 0.00178134376855997 0.00258611032240466 0.00329149410951486 0.00387038760450704 0.00430054429141302 0.00456543347431441 0.00465487560207629 0.00456543346675174 0.0043005442904772 0.00387038761071043 0.00329149410254226 0.00258611032078325 0.00178134377164774 0.000908121179867459 0 
0 0 0 0 0 0 0 0 0 0 0 0 0 0 0 0 0 
