TITLE = "Visualization of Laplacian smoothing"
VARIABLES = "x", "y", "phi", "phi_exact", "error"
ZONE STRANDID=28, SOLUTIONTIME=28, DATAPACKING=BLOCK I=17, J=17
0 0 0 0 0 0 0 0 0 0 0 0 0 0 0 0 0 
0.0625 0.0625 0.0625 0.0625 0.0625 0.0625 0.0625 0.0625 0.0625 0.0625 0.0625 0.0625 0.0625 0.0625 0.0625 0.0625 0.0625 
0.125 0.125 0.125 0.125 0.125 0.125 0.125 0.125 0.125 0.125 0.125 0.125 0.125 0.125 0.125 0.125 0.125 
0.1875 0.1875 0.1875 0.1875 0.1875 0.1875 0.1875 0.1875 0.1875 0.1875 0.1875 0.1875 0.1875 0.1875 0.1875 0.1875 0.1875 
0.25 0.25 0.25 0.25 0.25 0.25 0.25 0.25 0.25 0.25 0.25 0.25 0.25 0.25 0.25 0.25 0.25 
0.3125 0.3125 0.3125 0.3125 0.3125 0.3125 0.3125 0.3125 0.3125 0.3125 0.3125 0.3125 0.3125 0.3125 0.3125 0.3125 0.3125 
0.375 0.375 0.375 0.375 0.375 0.375 0.375 0.375 0.375 0.375 0.375 0.375 0.375 0.375 0.375 0.375 0.375 
0.4375 0.4375 0.4375 0.4375 0.4375 0.4375 0.4375 0.4375 0.4375 0.4375 0.4375 0.4375 0.4375 0.4375 0.4375 0.4375 0.4375 
0.5 0.5 0.5 0.5 0.5 0.5 0.5 0.5 0.5 0.5 0.5 0.5 0.5 0.5 0.5 0.5 0.5 
0.5625 0.5625 0.5625 0.5625 0.5625 0.5625 0.5625 0.5625 0.5625 0.5625 0.5625 0.5625 0.5625 0.5625 0.5625 0.5625 0.5625 
0.625 0.625 0.625 0.625 0.625 0.625 0.625 0.625 0.625 0.625 0.625 0.625 0.625 0.625 0.625 0.625 0.625 
0.6875 0.6875 0.6875 0.6875 0.6875 0.6875 0.6875 0.6875 0.6875 0.6875 0.6875 0.6875 0.6875 0.6875 0.6875 0.6875 0.6875 
0.75 0.75 0.75 0.75 0.75 0.75 0.75 0.75 0.75 0.75 0.75 0.75 0.75 0.75 0.75 0.75 0.75 
0.8125 0.8125 0.8125 0.8125 0.8125 0.8125 0.8125 0.8125 0.8125 0.8125 0.8125 0.8125 0.8125 0.8125 0.8125 0.8125 0.8125 
0.875 0.875 0.875 0.875 0.875 0.875 0.875 0.875 0.875 0.875 0.875 0.875 0.875 0.875 0.875 0.875 0.875 
0.9375 0.9375 0.9375 0.9375 0.9375 0.9375 0.9375 0.9375 0.9375 0.9375 0.9375 0.9375 0.9375 0.9375 0.9375 0.9375 0.9375 
1 1 1 1 1 1 1 1 1 1 1 1 1 1 1 1 1 
0 0.0625 0.125 0.1875 0.25 0.3125 0.375 0.4375 0.5 0.5625 0.625 0.6875 0.75 0.8125 0.875 0.9375 1 
0 0.0625 0.125 0.1875 0.25 0.3125 0.375 0.4375 0.5 0.5625 0.625 0.6875 0.75 0.8125 0.875 0.9375 1 
0 0.0625 0.125 0.1875 0.25 0.3125 0.375 0.4375 0.5 0.5625 0.625 0.6875 0.75 0.8125 0.875 0.9375 1 
0 0.0625 0.125 0.1875 0.25 0.3125 0.375 0.4375 0.5 0.5625 0.625 0.6875 0.75 0.8125 0.875 0.9375 1 
0 0.0625 0.125 0.1875 0.25 0.3125 0.375 0.4375 0.5 0.5625 0.625 0.6875 0.75 0.8125 0.875 0.9375 1 
0 0.0625 0.125 0.1875 0.25 0.3125 0.375 0.4375 0.5 0.5625 0.625 0.6875 0.75 0.8125 0.875 0.9375 1 
0 0.0625 0.125 0.1875 0.25 0.3125 0.375 0.4375 0.5 0.5625 0.625 0.6875 0.75 0.8125 0.875 0.9375 1 
0 0.0625 0.125 0.1875 0.25 0.3125 0.375 0.4375 0.5 0.5625 0.625 0.6875 0.75 0.8125 0.875 0.9375 1 
0 0.0625 0.125 0.1875 0.25 0.3125 0.375 0.4375 0.5 0.5625 0.625 0.6875 0.75 0.8125 0.875 0.9375 1 
0 0.0625 0.125 0.1875 0.25 0.3125 0.375 0.4375 0.5 0.5625 0.625 0.6875 0.75 0.8125 0.875 0.9375 1 
0 0.0625 0.125 0.1875 0.25 0.3125 0.375 0.4375 0.5 0.5625 0.625 0.6875 0.75 0.8125 0.875 0.9375 1 
0 0.0625 0.125 0.1875 0.25 0.3125 0.375 0.4375 0.5 0.5625 0.625 0.6875 0.75 0.8125 0.875 0.9375 1 
0 0.0625 0.125 0.1875 0.25 0.3125 0.375 0.4375 0.5 0.5625 0.625 0.6875 0.75 0.8125 0.875 0.9375 1 
0 0.0625 0.125 0.1875 0.25 0.3125 0.375 0.4375 0.5 0.5625 0.625 0.6875 0.75 0.8125 0.875 0.9375 1 
0 0.0625 0.125 0.1875 0.25 0.3125 0.375 0.4375 0.5 0.5625 0.625 0.6875 0.75 0.8125 0.875 0.9375 1 
0 0.0625 0.125 0.1875 0.25 0.3125 0.375 0.4375 0.5 0.5625 0.625 0.6875 0.75 0.8125 0.875 0.9375 1 
0 0.0625 0.125 0.1875 0.25 0.3125 0.375 0.4375 0.5 0.5625 0.625 0.6875 0.75 0.8125 0.875 0.9375 1 
0 0 0 0 0 0 0 0 0 0 0 0 0 0 0 0 0 
0 0.00388845782787822 0.00762748465648665 0.0110733915986861 0.0140937540368911 0.0165725013962066 0.0184143777308506 0.0195485974571241 0.0199315778477181 0.0195486002954452 0.0184143756688634 0.0165725010657774 0.0140937543425738 0.0110733914422699 0.00762748465330057 0.00388845799611828 -2.91260733331499e-21 
0 0.00731901759477435 0.0143567697857998 0.0208427989889002 0.02652785111999 0.0311934533401372 0.0346603078630363 0.0367951854819212 0.0375160492028595 0.0367951861062296 0.0346603068300011 0.0311934532142878 0.0265278515221826 0.0208427988875916 0.0143567695778013 0.00731901769871491 -4.55331117820521e-20 
0 0.0098417001322801 0.0193051889742249 0.0280267903915438 0.0356713385477364 0.0419450560699661 0.0466068490023555 0.0494775693041925 0.050446890014158 0.0494775671899572 0.0466068492518036 0.0419450565707882 0.0356713385020865 0.0280267905913847 0.019305189137649 0.00984170010281861 -2.218178513229e-19 
0 0.0110646535395654 0.0217040986321066 0.0315094677138374 0.0401039446530337 0.0471572500658171 0.0523983315352124 0.0556257693555455 0.056715543071056 0.0556257701281835 0.0523983295735482 0.0471572508221646 0.0401039453265478 0.0315094676497103 0.0217040987997139 0.0110646536065428 -6.64566646282019e-19 
0 0.0107017014121713 0.0209921425953366 0.0304758666858438 0.0387884207261267 0.0456103598927719 0.0506795144786989 0.0538010855040527 0.0548551117431517 0.0538010861985812 0.0506795145141328 0.0456103582628103 0.0387884214758959 0.0304758670957522 0.0209921423411623 0.0107017013686945 -1.51538651356989e-18 
0 0.00861053453452476 0.0168901705456492 0.0245207267369354 0.0312089670086693 0.0366978609058294 0.0407764786343023 0.0432880789533044 0.0441361427939949 0.0432880787193655 0.0407764785700488 0.0366978612151665 0.0312089656487167 0.0245207269529783 0.0168901704675637 0.00861053423613642 -2.89157212812643e-18 
0 0.00481869368651868 0.00945220747250411 0.013722479604798 0.0174654021401553 0.0205371406596598 0.0228196484835422 0.0242252095548369 0.0246998093761274 0.0242252094146929 0.0228196482454613 0.0205371409188626 0.0174654027026455 0.0137224788312044 0.00945220782571733 0.00481869377322675 -4.85471099556716e-18 
0 -0.000461770557610646 -0.000905794467946356 -0.00131501040177359 -0.00167369093824922 -0.00196805161357516 -0.00218678187513864 -0.00232147521178824 -0.002366955768363 -0.00232147526030825 -0.00218678190598846 -0.00196805176035932 -0.00167369039208824 -0.00131501012006434 -0.000905794715587982 -0.000461770144116706 -7.38380268694326e-18 
0 -0.00682746916806901 -0.0133925624619852 -0.0194429880633372 -0.0247462290155688 -0.0290984872217795 -0.0323325064668347 -0.0343240060856766 -0.0349964529279201 -0.0343240059762794 -0.032332506621975 -0.0290984872184643 -0.024746229246571 -0.0194429875369762 -0.0133925627468484 -0.00682746928691867 -1.03534598762307e-17 
0 -0.0136796648712016 -0.0268336291214125 -0.0389563909793828 -0.0495820810820459 -0.0583023595987442 -0.064782110948447 -0.0687723222635715 -0.0701196517048545 -0.0687723222384607 -0.0647821110701532 -0.0583023596231848 -0.049582081224505 -0.0389563912424436 -0.026833628998571 -0.0136796654367548 -1.35158069670843e-17 
0 -0.0202168727394929 -0.0396568220685606 -0.0575727819532354 -0.0732762524894178 -0.086163757371642 -0.0957400375801619 -0.101637081729908 -0.103628269956018 -0.101637081785773 -0.095740037557178 -0.08616375743591 -0.0732762523950547 -0.0575727820739269 -0.0396568220255993 -0.0202168725516791 -1.64829137110262e-17 
0 -0.0254156666277483 -0.04985462299818 -0.0723776946537056 -0.09211933176847 -0.108320874686966 -0.120359707121944 -0.127773183628684 -0.130276408244965 -0.127773183601078 -0.120359707148398 -0.108320874664019 -0.0921193317161911 -0.072377694486616 -0.0498546230655087 -0.0254156664391263 -1.87043471819981e-17 
0 -0.027985906219894 -0.054896330054282 -0.0796971185975503 -0.101435191471959 -0.11927516693466 -0.132531464518806 -0.140694652339201 -0.143451023538479 -0.140694652329421 -0.132531464563234 -0.119275166917049 -0.101435191513918 -0.079697118571416 -0.0548963300597202 -0.0279859063767182 -1.94302482782139e-17 
0 -0.0262731098378303 -0.051536558950281 -0.0748194868822666 -0.0952271439528921 -0.11197527526431 -0.124420259546597 -0.132083843038115 -0.134671518515768 -0.132083843040156 -0.124420259551125 -0.111975275287528 -0.0952271439752849 -0.0748194869185332 -0.0515365589434455 -0.0262731099142018 -1.764077314353e-17 
0 -0.0180454897993834 -0.0353975015710786 -0.0513892071494369 -0.0654060543761314 -0.0769093835760533 -0.0854571283144832 -0.0907208035474096 -0.0924981291584565 -0.0907208035392566 -0.0854571283216528 -0.0769093835946713 -0.065406054378178 -0.0513892071708403 -0.0353975015540182 -0.0180454898047052 -1.18978116312081e-17 
0 -1.44525767079777e-17 -2.83497489981662e-17 -4.11574563330776e-17 -5.23835057024762e-17 -6.15964863247371e-17 -6.84423485212459e-17 -7.26580096469944e-17 -7.40814642090902e-17 -7.26580096469944e-17 -6.84423485212459e-17 -6.15964863247371e-17 -5.23835057024762e-17 -4.11574563330776e-17 -2.83497489981662e-17 -1.44525767079777e-17 -9.07236280198115e-33 
0 0 0 0 0 0 0 0 0 0 0 0 0 0 0 0 0 
-0 -4.639880681994e-06 -9.10145335145403e-06 -1.32132622727715e-05 -1.68172929350293e-05 -1.97750444610404e-05 -2.19728521183864e-05 -2.33262553913402e-05 -2.37832437511196e-05 -2.33262553913402e-05 -2.19728521183864e-05 -1.97750444610404e-05 -1.68172929350293e-05 -1.32132622727715e-05 -9.10145335145403e-06 -4.63988068199401e-06 -2.91260733331499e-21 
-0 -7.25357666074957e-05 -0.000142284024382792 -0.000206564386894858 -0.000262906595861197 -0.000309145451788307 -0.00034350402137396 -0.000364661924057487 -0.000371806073504246 -0.000364661924057487 -0.00034350402137396 -0.000309145451788308 -0.000262906595861197 -0.000206564386894858 -0.000142284024382792 -7.25357666074958e-05 -4.55331117820521e-20 
-0 -0.00035336323970013 -0.000693146928266972 -0.00100629336910179 -0.00128076852009785 -0.00150602445512981 -0.00167340471493937 -0.00177647697001 -0.0018112802113829 -0.00177647697001 -0.00167340471493937 -0.00150602445512981 -0.00128076852009785 -0.00100629336910179 -0.000693146928266972 -0.000353363239700131 -2.218178513229e-19 
-0 -0.00105867684555747 -0.00207666933365299 -0.00301485658386579 -0.00383718458631169 -0.00451205173702354 -0.00501352326986933 -0.0053223279150703 -0.00542659848329099 -0.0053223279150703 -0.00501352326986933 -0.00451205173702354 -0.00383718458631169 -0.00301485658386579 -0.00207666933365299 -0.00105867684555747 -6.64566646282019e-19 
-0 -0.00241406128785117 -0.00473535155423139 -0.00687466491599824 -0.00874978876039978 -0.0102886631296772 -0.0114321499448299 -0.0121363056488264 -0.012374069932857 -0.0121363056488264 -0.0114321499448299 -0.0102886631296772 -0.00874978876039978 -0.00687466491599824 -0.00473535155423139 -0.00241406128785117 -1.51538651356989e-18 
-0 -0.00460637089813821 -0.00903572154594352 -0.0131178344820293 -0.0166958363955369 -0.019632226679497 -0.0218141615020436 -0.0231577903315894 -0.0236114782657307 -0.0231577903315894 -0.0218141615020436 -0.019632226679497 -0.0166958363955369 -0.0131178344820293 -0.00903572154594353 -0.00460637089813822 -2.89157212812643e-18 
-0 -0.00773371662817269 -0.015170230863443 -0.0220237616341946 -0.028030931596412 -0.0329608885773068 -0.0366241770948549 -0.0388800190257229 -0.0396417236295983 -0.0388800190257229 -0.0366241770948549 -0.0329608885773068 -0.028030931596412 -0.0220237616341946 -0.015170230863443 -0.00773371662817271 -4.85471099556716e-18 
-0 -0.0117626440938093 -0.0230732563716604 -0.0334971763467798 -0.0426338186203254 -0.0501320671536128 -0.055703768460574 -0.0591348051846286 -0.0602933245086187 -0.0591348051846286 -0.055703768460574 -0.0501320671536128 -0.0426338186203254 -0.0334971763467798 -0.0230732563716604 -0.0117626440938094 -7.38380268694326e-18 
-0 -0.0164934071002449 -0.0323529818152367 -0.0469692495828301 -0.0597805154296141 -0.0702944495937372 -0.0781070074815545 -0.0829179568747701 -0.0845424156862143 -0.0829179568747701 -0.0781070074815545 -0.0702944495937372 -0.0597805154296141 -0.0469692495828301 -0.0323529818152367 -0.0164934071002449 -1.03534598762307e-17 
-0 -0.0215311315503551 -0.0422348337900278 -0.0613154750527174 -0.0780397969952455 -0.0917650933044688 -0.101963908540459 -0.108244307953257 -0.110364939315519 -0.108244307953257 -0.101963908540459 -0.0917650933044689 -0.0780397969952456 -0.0613154750527174 -0.0422348337900278 -0.0215311315503552 -1.35158069670843e-17 
-0 -0.0262578316122413 -0.0515065894811859 -0.0747759780015966 -0.0951717676222575 -0.111910159586137 -0.124347906877062 -0.132007033841811 -0.134593204526417 -0.132007033841811 -0.124347906877062 -0.111910159586137 -0.0951717676222575 -0.0747759780015966 -0.0515065894811859 -0.0262578316122414 -1.64829137110262e-17 
-0 -0.0297966492655521 -0.0584482300099826 -0.0848536780532743 -0.10799824683547 -0.126992503557893 -0.141106509586802 -0.149797871585733 -0.152732585387238 -0.149797871585733 -0.141106509586802 -0.126992503557893 -0.10799824683547 -0.0848536780532743 -0.0584482300099826 -0.0297966492655522 -1.87043471819981e-17 
-0 -0.0309530339367177 -0.0607165601379087 -0.0881467829832391 -0.112189574391809 -0.13192098337314 -0.146582742945581 -0.155611409911172 -0.158660017661762 -0.155611409911172 -0.146582742945581 -0.13192098337314 -0.112189574391809 -0.0881467829832391 -0.0607165601379087 -0.0309530339367177 -1.94302482782139e-17 
-0 -0.0281023403285002 -0.0551247234781502 -0.0800286944188359 -0.101857207513615 -0.119771405245825 -0.133082855043017 -0.14128000535463 -0.144047844291205 -0.14128000535463 -0.133082855043017 -0.119771405245825 -0.101857207513615 -0.0800286944188359 -0.0551247234781502 -0.0281023403285003 -1.764077314353e-17 
-0 -0.0189536109842911 -0.0371788453277635 -0.0539753174954265 -0.0686975484814471 -0.0807797712053547 -0.0897576726236582 -0.0952862370197172 -0.0971530047642458 -0.0952862370197172 -0.0897576726236582 -0.0807797712053548 -0.0686975484814471 -0.0539753174954265 -0.0371788453277635 -0.0189536109842912 -1.18978116312081e-17 
-0 -1.44525767079777e-17 -2.83497489981662e-17 -4.11574563330776e-17 -5.23835057024762e-17 -6.15964863247371e-17 -6.84423485212459e-17 -7.26580096469944e-17 -7.40814642090902e-17 -7.26580096469944e-17 -6.84423485212459e-17 -6.15964863247371e-17 -5.23835057024762e-17 -4.11574563330776e-17 -2.83497489981662e-17 -1.44525767079777e-17 -9.07236280198115e-33 
0 0 0 0 0 0 0 0 0 0 0 0 0 0 0 0 0 
0 0.00389309770856021 0.00763658610983811 0.0110866048609589 0.0141105713298262 0.0165922764406676 0.018436350582969 0.0195719237125154 0.0199553610914693 0.0195719265508365 0.0184363485209818 0.0165922761102384 0.0141105716355089 0.0110866047045427 0.00763658610665202 0.00389309787680027 0 
0 0.00739155336138184 0.0144990538101826 0.0210493633757951 0.0267907577158512 0.0315025987919255 0.0350038118844103 0.0371598474059787 0.0378878552763638 0.0371598480302871 0.0350038108513751 0.0315025986660761 0.0267907581180438 0.0210493632744865 0.0144990536021841 0.0073915534653224 0 
0 0.0101950633719802 0.0199983359024919 0.0290330837606456 0.0369521070678343 0.0434510805250959 0.0482802537172949 0.0512540462742025 0.0522581702255409 0.0512540441599672 0.048280253966743 0.043451081025918 0.0369521070221844 0.0290330839604865 0.0199983360659159 0.0101950633425187 0 
0 0.0121233303851228 0.0237807679657596 0.0345243242977032 0.0439411292393454 0.0516693018028406 0.0574118548050817 0.0609480972706158 0.0621421415543469 0.0609480980432538 0.0574118528434176 0.0516693025591881 0.0439411299128595 0.0345243242335761 0.0237807681333669 0.0121233304521003 0 
0 0.0131157627000225 0.025727494149568 0.037350531601842 0.0475382094865265 0.0558990230224491 0.0621116644235288 0.0659373911528791 0.0672291816760087 0.0659373918474076 0.0621116644589627 0.0558990213924875 0.0475382102362957 0.0373505320117505 0.0257274938953937 0.0131157626565456 0 
0 0.013216905432663 0.0259258920915927 0.0376385612189646 0.0479048034042062 0.0563300875853264 0.062590640136346 0.0664458692848938 0.0677476210597256 0.0664458690509549 0.0625906400720925 0.0563300878946635 0.0479048020442537 0.0376385614350075 0.0259258920135072 0.0132169051342746 0 
0 0.0125524103146914 0.0246224383359471 0.0357462412389926 0.0454963337365673 0.0534980292369666 0.0594438255783971 0.0631052285805599 0.0643415330057257 0.0631052284404159 0.0594438253403162 0.0534980294961694 0.0454963342990575 0.035746240465399 0.0246224386891603 0.0125524104013995 0 
0 0.0113008735361987 0.0221674619037141 0.0321821659450062 0.0409601276820761 0.0481640155400376 0.0535169865854353 0.0568133299728403 0.0579263687402557 0.0568133299243203 0.0535169865545855 0.0481640153932535 0.0409601282282371 0.0321821662267155 0.0221674616560724 0.0113008739496927 0 
0 0.00966593793217591 0.0189604193532515 0.027526261519493 0.0350342864140453 0.0411959623719577 0.0457745010147198 0.0485939507890935 0.0495459627582942 0.0485939508984908 0.0457745008595795 0.0411959623752729 0.0350342861830431 0.027526262045854 0.0189604190683883 0.00966593781332628 0 
0 0.0078514666791535 0.0154012046686153 0.0223590840733345 0.0284577159131996 0.0334627337057247 0.0371817975920116 0.0394719856896857 0.0402452876106648 0.0394719857147965 0.0371817974703054 0.0334627336812841 0.0284577157707405 0.0223590838102737 0.0154012047914568 0.00785146611360038 0 
0 0.00604095887274846 0.0118497674126253 0.0172031960483611 0.0218955151328397 0.0257464022144952 0.0286078692969004 0.0303699521119036 0.0309649345703996 0.0303699520560382 0.0286078693198843 0.0257464021502273 0.0218955152272028 0.0172031959276697 0.0118497674555866 0.00604095906056224 0 
0 0.00438098263780389 0.00859360701180258 0.0124759833995687 0.0158789150669997 0.0186716288709266 0.0207468024648583 0.0220246879570488 0.0224561771422737 0.0220246879846552 0.0207468024384037 0.0186716288938735 0.0158789151192785 0.0124759835666584 0.00859360694447388 0.00438098282642592 0 
0 0.0029671277168237 0.00582023008362668 0.00844966438568882 0.01075438291985 0.01264581643848 0.0140512784267746 0.0149167575719714 0.0152089941232825 0.0149167575817509 0.0140512783823466 0.0126458164560905 0.0107543828778913 0.00844966441182311 0.00582023007818847 0.00296712755999949 0 
0 0.00182923049066995 0.00358816452786916 0.00520920753656932 0.00663006356072264 0.00779612998151562 0.00866259549642016 0.00919616231651468 0.00937632577543715 0.00919616231447412 0.00866259549189151 0.00779612995829727 0.00663006353832982 0.00520920750030272 0.00358816453470469 0.00182923041429852 0 
0 0.000908121184907726 0.0017813437566849 0.00258611034598964 0.00329149410531575 0.00387038762930146 0.00430054430917495 0.0045654334723076 0.00465487560578921 0.00456543348046051 0.00430054430200534 0.00387038761068351 0.00329149410326908 0.00258611032458626 0.00178134377374525 0.000908121179585931 0 
0 0 0 0 0 0 0 0 0 0 0 0 0 0 0 0 0 
