TITLE = "Visualization of Laplacian smoothing"
VARIABLES = "x", "y", "phi", "phi_exact", "error"
ZONE STRANDID=34, SOLUTIONTIME=34, DATAPACKING=BLOCK I=17, J=17
0 0 0 0 0 0 0 0 0 0 0 0 0 0 0 0 0 
0.0625 0.0625 0.0625 0.0625 0.0625 0.0625 0.0625 0.0625 0.0625 0.0625 0.0625 0.0625 0.0625 0.0625 0.0625 0.0625 0.0625 
0.125 0.125 0.125 0.125 0.125 0.125 0.125 0.125 0.125 0.125 0.125 0.125 0.125 0.125 0.125 0.125 0.125 
0.1875 0.1875 0.1875 0.1875 0.1875 0.1875 0.1875 0.1875 0.1875 0.1875 0.1875 0.1875 0.1875 0.1875 0.1875 0.1875 0.1875 
0.25 0.25 0.25 0.25 0.25 0.25 0.25 0.25 0.25 0.25 0.25 0.25 0.25 0.25 0.25 0.25 0.25 
0.3125 0.3125 0.3125 0.3125 0.3125 0.3125 0.3125 0.3125 0.3125 0.3125 0.3125 0.3125 0.3125 0.3125 0.3125 0.3125 0.3125 
0.375 0.375 0.375 0.375 0.375 0.375 0.375 0.375 0.375 0.375 0.375 0.375 0.375 0.375 0.375 0.375 0.375 
0.4375 0.4375 0.4375 0.4375 0.4375 0.4375 0.4375 0.4375 0.4375 0.4375 0.4375 0.4375 0.4375 0.4375 0.4375 0.4375 0.4375 
0.5 0.5 0.5 0.5 0.5 0.5 0.5 0.5 0.5 0.5 0.5 0.5 0.5 0.5 0.5 0.5 0.5 
0.5625 0.5625 0.5625 0.5625 0.5625 0.5625 0.5625 0.5625 0.5625 0.5625 0.5625 0.5625 0.5625 0.5625 0.5625 0.5625 0.5625 
0.625 0.625 0.625 0.625 0.625 0.625 0.625 0.625 0.625 0.625 0.625 0.625 0.625 0.625 0.625 0.625 0.625 
0.6875 0.6875 0.6875 0.6875 0.6875 0.6875 0.6875 0.6875 0.6875 0.6875 0.6875 0.6875 0.6875 0.6875 0.6875 0.6875 0.6875 
0.75 0.75 0.75 0.75 0.75 0.75 0.75 0.75 0.75 0.75 0.75 0.75 0.75 0.75 0.75 0.75 0.75 
0.8125 0.8125 0.8125 0.8125 0.8125 0.8125 0.8125 0.8125 0.8125 0.8125 0.8125 0.8125 0.8125 0.8125 0.8125 0.8125 0.8125 
0.875 0.875 0.875 0.875 0.875 0.875 0.875 0.875 0.875 0.875 0.875 0.875 0.875 0.875 0.875 0.875 0.875 
0.9375 0.9375 0.9375 0.9375 0.9375 0.9375 0.9375 0.9375 0.9375 0.9375 0.9375 0.9375 0.9375 0.9375 0.9375 0.9375 0.9375 
1 1 1 1 1 1 1 1 1 1 1 1 1 1 1 1 1 
0 0.0625 0.125 0.1875 0.25 0.3125 0.375 0.4375 0.5 0.5625 0.625 0.6875 0.75 0.8125 0.875 0.9375 1 
0 0.0625 0.125 0.1875 0.25 0.3125 0.375 0.4375 0.5 0.5625 0.625 0.6875 0.75 0.8125 0.875 0.9375 1 
0 0.0625 0.125 0.1875 0.25 0.3125 0.375 0.4375 0.5 0.5625 0.625 0.6875 0.75 0.8125 0.875 0.9375 1 
0 0.0625 0.125 0.1875 0.25 0.3125 0.375 0.4375 0.5 0.5625 0.625 0.6875 0.75 0.8125 0.875 0.9375 1 
0 0.0625 0.125 0.1875 0.25 0.3125 0.375 0.4375 0.5 0.5625 0.625 0.6875 0.75 0.8125 0.875 0.9375 1 
0 0.0625 0.125 0.1875 0.25 0.3125 0.375 0.4375 0.5 0.5625 0.625 0.6875 0.75 0.8125 0.875 0.9375 1 
0 0.0625 0.125 0.1875 0.25 0.3125 0.375 0.4375 0.5 0.5625 0.625 0.6875 0.75 0.8125 0.875 0.9375 1 
0 0.0625 0.125 0.1875 0.25 0.3125 0.375 0.4375 0.5 0.5625 0.625 0.6875 0.75 0.8125 0.875 0.9375 1 
0 0.0625 0.125 0.1875 0.25 0.3125 0.375 0.4375 0.5 0.5625 0.625 0.6875 0.75 0.8125 0.875 0.9375 1 
0 0.0625 0.125 0.1875 0.25 0.3125 0.375 0.4375 0.5 0.5625 0.625 0.6875 0.75 0.8125 0.875 0.9375 1 
0 0.0625 0.125 0.1875 0.25 0.3125 0.375 0.4375 0.5 0.5625 0.625 0.6875 0.75 0.8125 0.875 0.9375 1 
0 0.0625 0.125 0.1875 0.25 0.3125 0.375 0.4375 0.5 0.5625 0.625 0.6875 0.75 0.8125 0.875 0.9375 1 
0 0.0625 0.125 0.1875 0.25 0.3125 0.375 0.4375 0.5 0.5625 0.625 0.6875 0.75 0.8125 0.875 0.9375 1 
0 0.0625 0.125 0.1875 0.25 0.3125 0.375 0.4375 0.5 0.5625 0.625 0.6875 0.75 0.8125 0.875 0.9375 1 
0 0.0625 0.125 0.1875 0.25 0.3125 0.375 0.4375 0.5 0.5625 0.625 0.6875 0.75 0.8125 0.875 0.9375 1 
0 0.0625 0.125 0.1875 0.25 0.3125 0.375 0.4375 0.5 0.5625 0.625 0.6875 0.75 0.8125 0.875 0.9375 1 
0 0.0625 0.125 0.1875 0.25 0.3125 0.375 0.4375 0.5 0.5625 0.625 0.6875 0.75 0.8125 0.875 0.9375 1 
0 0 0 0 0 0 0 0 0 0 0 0 0 0 0 0 0 
0 0.00388845795887636 0.00762748464676024 0.0110733914278395 0.0140937539452541 0.0165725014197783 0.0184143769481763 0.019548598298689 0.0199315779872702 0.0195485983081103 0.0184143769572178 0.0165725014288917 0.0140937539610535 0.0110733914326932 0.00762748468264135 0.0038884579716498 -2.91260733331499e-21 
0 0.00731901764545492 0.0143567695591258 0.020842798918287 0.0265278511597221 0.0311934529520569 0.0346603078550649 0.0367951865559784 0.0375160468811088 0.0367951865635502 0.0346603078597287 0.0311934529613645 0.0265278511593352 0.0208427989146139 0.0143567695959013 0.00731901766991981 -4.55331117820521e-20 
0 0.0098417000532816 0.0193051891498367 0.0280267906455831 0.0356713382899371 0.0419450563984598 0.0466068495174662 0.0494775675479472 0.0504468903999732 0.0494775675477266 0.0466068495231746 0.0419450564059543 0.0356713382942547 0.0280267906576472 0.0193051891736391 0.00984170009394014 -2.218178513229e-19 
0 0.0110646535971777 0.0217040987528794 0.0315094675925172 0.0401039452506437 0.0471572507835844 0.0523983296162405 0.055625770024503 0.0567155432872873 0.0556257700277178 0.0523983296208849 0.0471572507903956 0.0401039452584174 0.0315094676015172 0.0217040987754659 0.0110646536035208 -6.64566646282019e-19 
0 0.010701701371742 0.0209921423455817 0.0304758670822823 0.0387884213396777 0.0456103583002518 0.0506795147807561 0.0538010859270165 0.0548551115144276 0.0538010859280408 0.0506795147828335 0.04561035830426 0.0387884213348278 0.030475867087158 0.0209921423583508 0.0107017013697539 -1.51538651356989e-18 
0 0.00861053421912272 0.0168901704539516 0.024520726909669 0.0312089655802909 0.0366978612008966 0.0407764785957227 0.0432880787890967 0.0441361423894498 0.0432880787885945 0.0407764785983575 0.0366978612011487 0.0312089655788772 0.0245207269122911 0.0168901704617837 0.00861053423121214 -2.89157212812643e-18 
0 0.00481869374750883 0.00945220780097668 0.0137224788195961 0.0174654026664044 0.0205371408832737 0.0228196482924455 0.0242252094155904 0.0246998093269603 0.0242252094161433 0.022819648294194 0.0205371408844362 0.017465402668362 0.0137224788232482 0.00945220781215911 0.00481869375490087 -4.85471099556716e-18 
0 -0.000461770150675311 -0.000905794732042476 -0.0013150101260938 -0.00167369041588886 -0.00196805172804356 -0.00218678191245323 -0.00232147529504564 -0.00236695568458641 -0.00232147529456241 -0.00218678191064808 -0.00196805172534732 -0.00167369041572392 -0.0013150101211731 -0.000905794725719524 -0.000461770146987815 -7.38380268694326e-18 
0 -0.00682746929471512 -0.0133925627648431 -0.0194429875589162 -0.0247462292458928 -0.0290984872219213 -0.0323325066517853 -0.034324005983679 -0.0349964530148878 -0.0343240059830894 -0.0323325066502163 -0.0290984872201712 -0.0247462292447074 -0.0194429875563393 -0.0133925627604297 -0.00682746928842643 -1.03534598762307e-17 
0 -0.0136796654432972 -0.0268336290094105 -0.0389563912592955 -0.0495820812431287 -0.0583023596495338 -0.0647821110710945 -0.0687723222957585 -0.0701196517416396 -0.0687723222950053 -0.0647821110703556 -0.0583023596485025 -0.0495820812412219 -0.0389563912571069 -0.0268336290048954 -0.0136796654382344 -1.35158069670843e-17 
0 -0.0202168725591949 -0.0396568220395302 -0.0575727820863186 -0.0732762524056886 -0.0861637574393725 -0.0957400375958557 -0.10163708179994 -0.103628269948546 -0.101637081799105 -0.0957400375946341 -0.086163757437969 -0.0732762524035122 -0.0575727820829431 -0.0396568220348779 -0.0202168725548596 -1.64829137110262e-17 
0 -0.0254156664454454 -0.0498546230771411 -0.0723776945010753 -0.0921193317166006 -0.108320874675925 -0.120359707167988 -0.127773183612638 -0.130276408267464 -0.127773183612615 -0.12035970716719 -0.108320874674622 -0.0921193317149444 -0.0723776944988397 -0.0498546230731625 -0.0254156664405404 -1.87043471819981e-17 
0 -0.0279859063811967 -0.0548963300707349 -0.0796971185812813 -0.101435191521069 -0.119275166935166 -0.132531464574106 -0.140694652354574 -0.143451023547762 -0.14069465235431 -0.132531464573201 -0.119275166933961 -0.101435191519415 -0.0796971185797692 -0.0548963300682164 -0.0279859063779025 -1.94302482782139e-17 
0 -0.026273109918466 -0.0515365589537455 -0.0748194869287051 -0.0952271439816362 -0.11197527529469 -0.124420259575047 -0.132083843055883 -0.134671518521861 -0.132083843055497 -0.124420259573983 -0.111975275293834 -0.0952271439799935 -0.074819486926439 -0.0515365589511179 -0.026273109915735 -1.764077314353e-17 
0 -0.0180454898089468 -0.0353975015584238 -0.0513892071751687 -0.0654060543802282 -0.0769093835952639 -0.0854571283303433 -0.0907208035485471 -0.0924981291634724 -0.0907208035480531 -0.0854571283294629 -0.0769093835944029 -0.0654060543785782 -0.0513892071730632 -0.035397501556203 -0.0180454898035434 -1.18978116312081e-17 
0 -1.44525767079777e-17 -2.83497489981662e-17 -4.11574563330776e-17 -5.23835057024762e-17 -6.15964863247371e-17 -6.84423485212459e-17 -7.26580096469944e-17 -7.40814642090902e-17 -7.26580096469944e-17 -6.84423485212459e-17 -6.15964863247371e-17 -5.23835057024762e-17 -4.11574563330776e-17 -2.83497489981662e-17 -1.44525767079777e-17 -9.07236280198115e-33 
0 0 0 0 0 0 0 0 0 0 0 0 0 0 0 0 0 
-0 -4.639880681994e-06 -9.10145335145403e-06 -1.32132622727715e-05 -1.68172929350293e-05 -1.97750444610404e-05 -2.19728521183864e-05 -2.33262553913402e-05 -2.37832437511196e-05 -2.33262553913402e-05 -2.19728521183864e-05 -1.97750444610404e-05 -1.68172929350293e-05 -1.32132622727715e-05 -9.10145335145403e-06 -4.63988068199401e-06 -2.91260733331499e-21 
-0 -7.25357666074957e-05 -0.000142284024382792 -0.000206564386894858 -0.000262906595861197 -0.000309145451788307 -0.00034350402137396 -0.000364661924057487 -0.000371806073504246 -0.000364661924057487 -0.00034350402137396 -0.000309145451788308 -0.000262906595861197 -0.000206564386894858 -0.000142284024382792 -7.25357666074958e-05 -4.55331117820521e-20 
-0 -0.00035336323970013 -0.000693146928266972 -0.00100629336910179 -0.00128076852009785 -0.00150602445512981 -0.00167340471493937 -0.00177647697001 -0.0018112802113829 -0.00177647697001 -0.00167340471493937 -0.00150602445512981 -0.00128076852009785 -0.00100629336910179 -0.000693146928266972 -0.000353363239700131 -2.218178513229e-19 
-0 -0.00105867684555747 -0.00207666933365299 -0.00301485658386579 -0.00383718458631169 -0.00451205173702354 -0.00501352326986933 -0.0053223279150703 -0.00542659848329099 -0.0053223279150703 -0.00501352326986933 -0.00451205173702354 -0.00383718458631169 -0.00301485658386579 -0.00207666933365299 -0.00105867684555747 -6.64566646282019e-19 
-0 -0.00241406128785117 -0.00473535155423139 -0.00687466491599824 -0.00874978876039978 -0.0102886631296772 -0.0114321499448299 -0.0121363056488264 -0.012374069932857 -0.0121363056488264 -0.0114321499448299 -0.0102886631296772 -0.00874978876039978 -0.00687466491599824 -0.00473535155423139 -0.00241406128785117 -1.51538651356989e-18 
-0 -0.00460637089813821 -0.00903572154594352 -0.0131178344820293 -0.0166958363955369 -0.019632226679497 -0.0218141615020436 -0.0231577903315894 -0.0236114782657307 -0.0231577903315894 -0.0218141615020436 -0.019632226679497 -0.0166958363955369 -0.0131178344820293 -0.00903572154594353 -0.00460637089813822 -2.89157212812643e-18 
-0 -0.00773371662817269 -0.015170230863443 -0.0220237616341946 -0.028030931596412 -0.0329608885773068 -0.0366241770948549 -0.0388800190257229 -0.0396417236295983 -0.0388800190257229 -0.0366241770948549 -0.0329608885773068 -0.028030931596412 -0.0220237616341946 -0.015170230863443 -0.00773371662817271 -4.85471099556716e-18 
-0 -0.0117626440938093 -0.0230732563716604 -0.0334971763467798 -0.0426338186203254 -0.0501320671536128 -0.055703768460574 -0.0591348051846286 -0.0602933245086187 -0.0591348051846286 -0.055703768460574 -0.0501320671536128 -0.0426338186203254 -0.0334971763467798 -0.0230732563716604 -0.0117626440938094 -7.38380268694326e-18 
-0 -0.0164934071002449 -0.0323529818152367 -0.0469692495828301 -0.0597805154296141 -0.0702944495937372 -0.0781070074815545 -0.0829179568747701 -0.0845424156862143 -0.0829179568747701 -0.0781070074815545 -0.0702944495937372 -0.0597805154296141 -0.0469692495828301 -0.0323529818152367 -0.0164934071002449 -1.03534598762307e-17 
-0 -0.0215311315503551 -0.0422348337900278 -0.0613154750527174 -0.0780397969952455 -0.0917650933044688 -0.101963908540459 -0.108244307953257 -0.110364939315519 -0.108244307953257 -0.101963908540459 -0.0917650933044689 -0.0780397969952456 -0.0613154750527174 -0.0422348337900278 -0.0215311315503552 -1.35158069670843e-17 
-0 -0.0262578316122413 -0.0515065894811859 -0.0747759780015966 -0.0951717676222575 -0.111910159586137 -0.124347906877062 -0.132007033841811 -0.134593204526417 -0.132007033841811 -0.124347906877062 -0.111910159586137 -0.0951717676222575 -0.0747759780015966 -0.0515065894811859 -0.0262578316122414 -1.64829137110262e-17 
-0 -0.0297966492655521 -0.0584482300099826 -0.0848536780532743 -0.10799824683547 -0.126992503557893 -0.141106509586802 -0.149797871585733 -0.152732585387238 -0.149797871585733 -0.141106509586802 -0.126992503557893 -0.10799824683547 -0.0848536780532743 -0.0584482300099826 -0.0297966492655522 -1.87043471819981e-17 
-0 -0.0309530339367177 -0.0607165601379087 -0.0881467829832391 -0.112189574391809 -0.13192098337314 -0.146582742945581 -0.155611409911172 -0.158660017661762 -0.155611409911172 -0.146582742945581 -0.13192098337314 -0.112189574391809 -0.0881467829832391 -0.0607165601379087 -0.0309530339367177 -1.94302482782139e-17 
-0 -0.0281023403285002 -0.0551247234781502 -0.0800286944188359 -0.101857207513615 -0.119771405245825 -0.133082855043017 -0.14128000535463 -0.144047844291205 -0.14128000535463 -0.133082855043017 -0.119771405245825 -0.101857207513615 -0.0800286944188359 -0.0551247234781502 -0.0281023403285003 -1.764077314353e-17 
-0 -0.0189536109842911 -0.0371788453277635 -0.0539753174954265 -0.0686975484814471 -0.0807797712053547 -0.0897576726236582 -0.0952862370197172 -0.0971530047642458 -0.0952862370197172 -0.0897576726236582 -0.0807797712053548 -0.0686975484814471 -0.0539753174954265 -0.0371788453277635 -0.0189536109842912 -1.18978116312081e-17 
-0 -1.44525767079777e-17 -2.83497489981662e-17 -4.11574563330776e-17 -5.23835057024762e-17 -6.15964863247371e-17 -6.84423485212459e-17 -7.26580096469944e-17 -7.40814642090902e-17 -7.26580096469944e-17 -6.84423485212459e-17 -6.15964863247371e-17 -5.23835057024762e-17 -4.11574563330776e-17 -2.83497489981662e-17 -1.44525767079777e-17 -9.07236280198115e-33 
0 0 0 0 0 0 0 0 0 0 0 0 0 0 0 0 0 
0 0.00389309783955836 0.00763658610011169 0.0110866046901123 0.0141105712381892 0.0165922764642393 0.0184363498002947 0.0195719245540803 0.0199553612310213 0.0195719245635016 0.0184363498093362 0.0165922764733527 0.0141105712539885 0.011086604694966 0.00763658613599281 0.00389309785233179 0 
0 0.00739155341206242 0.0144990535835086 0.0210493633051818 0.0267907577555833 0.0315025984038452 0.0350038118764388 0.0371598484800358 0.037887852954613 0.0371598484876077 0.0350038118811026 0.0315025984131528 0.0267907577551964 0.0210493633015088 0.0144990536202841 0.0073915534365273 0 
0 0.0101950632929817 0.0199983360781037 0.0290330840146849 0.036952106810035 0.0434510808535896 0.0482802542324056 0.0512540445179571 0.0522581706113561 0.0512540445177366 0.0482802542381139 0.0434510808610841 0.0369521068143525 0.029033084026749 0.019998336101906 0.0101950633336403 0 
0 0.0121233304427352 0.0237807680865324 0.0345243241763829 0.0439411298369553 0.051669302520608 0.0574118528861098 0.0609480979395733 0.0621421417705783 0.0609480979427881 0.0574118528907543 0.0516693025274191 0.0439411298447291 0.034524324185383 0.0237807681091189 0.0121233304490783 0 
0 0.0131157626595932 0.0257274938998131 0.0373505319982805 0.0475382101000775 0.0558990214299291 0.0621116647255861 0.0659373915758428 0.0672291814472846 0.0659373915768671 0.0621116647276634 0.0558990214339373 0.0475382100952275 0.0373505320031562 0.0257274939125822 0.0131157626576051 0 
0 0.0132169051172609 0.0259258919998951 0.0376385613916983 0.0479048019758278 0.0563300878803937 0.0625906400977663 0.0664458691206861 0.0677476206551804 0.0664458691201839 0.0625906401004012 0.0563300878806458 0.0479048019744142 0.0376385613943204 0.0259258920077272 0.0132169051293504 0 
0 0.0125524103756815 0.0246224386644197 0.0357462404537907 0.0454963342628164 0.0534980294605804 0.0594438253873004 0.0631052284413133 0.0643415329565586 0.0631052284418663 0.0594438253890489 0.053498029461743 0.0454963342647739 0.0357462404574428 0.0246224386756021 0.0125524103830736 0 
0 0.011300873943134 0.0221674616396179 0.032182166220686 0.0409601282044365 0.0481640154255692 0.0535169865481208 0.056813329889583 0.0579263688240323 0.0568133298900662 0.0535169865499259 0.0481640154282655 0.0409601282046015 0.0321821662256067 0.0221674616459409 0.0113008739468216 0 
0 0.0096659378055298 0.0189604190503935 0.0275262620239139 0.0350342861837213 0.0411959623718159 0.0457745008297692 0.0485939508910911 0.0495459626713265 0.0485939508916808 0.0457745008313383 0.041195962373566 0.0350342861849067 0.0275262620264909 0.018960419054807 0.00966593781181852 0 
0 0.0078514661070579 0.0154012047806173 0.0223590837934219 0.0284577157521168 0.033462733654935 0.037181797469364 0.0394719856574987 0.0402452875738798 0.0394719856582519 0.037181797470103 0.0334627336559663 0.0284577157540237 0.0223590837956104 0.0154012047851325 0.00785146611212078 0 
0 0.00604095905304641 0.0118497674416556 0.0172031959152779 0.0218955152165689 0.0257464021467648 0.0286078692812066 0.0303699520418716 0.0309649345778714 0.0303699520427065 0.0286078692824282 0.0257464021481683 0.0218955152187453 0.0172031959186534 0.0118497674463079 0.00604095905738178 0 
0 0.00438098282010673 0.00859360693284149 0.012475983552199 0.0158789151188691 0.0186716288819679 0.0207468024188142 0.022024687973095 0.0224561771197748 0.0220246879731184 0.0207468024196121 0.0186716288832703 0.0158789151205252 0.0124759835544347 0.00859360693682006 0.0043809828250118 0 
0 0.00296712755552099 0.00582023006717384 0.00844966440195775 0.0107543828707396 0.0126458164379736 0.0140512783714751 0.0149167575565986 0.0152089941139995 0.0149167575568626 0.0140512783723795 0.0126458164391787 0.0107543828723936 0.00844966440346988 0.00582023006969234 0.00296712755881525 0 
0 0.00182923041003426 0.00358816452440472 0.00520920749013083 0.00663006353197848 0.00779612995113556 0.00866259546796942 0.00919616229874726 0.00937632576934327 0.00919616229913325 0.00866259546903415 0.00779612995199168 0.00663006353362126 0.00520920749239691 0.00358816452703228 0.00182923041276526 0 
0 0.000908121175344313 0.00178134376933972 0.00258611032025788 0.00329149410121889 0.00387038761009081 0.00430054429331486 0.00456543347117003 0.00465487560077334 0.00456543347166409 0.00430054429419531 0.00387038761095182 0.00329149410286894 0.00258611032236332 0.0017813437715605 0.00090812118074779 0 
0 0 0 0 0 0 0 0 0 0 0 0 0 0 0 0 0 
